00100000100000000000000000000000
00100001000000000001000000000000
00100001100000000001111000010000
00100010000000000000000000000000
00100010100000000000000000011110
01110010000101000000000001111010
00100011000000000000000000000000
00100011100000000000000000011110
01110011000111000000000000111111
00100100000000000000000000000000
00100100100000000000000000011110
01110100001001000000000000100011
10011001000100000000000001111000
00111001100001100100000000000000
01011010000110000000000000000010
00111010110011101000000000000000
10011011000110000000000001111000
00111001100010101100000000000000
01011010001000000000000000000010
00111011010011101000000000000000
00001011110101000000000000000000
00001001110110000000000000000000
01101010110111100110000000000000
00111100000011100100000000000000
00111001111000101000000000000000
00001001010011000000000000000000
00111010010010101010000000000000
00011010010011000000000000000000
00001001010110000000000000000100
01101010010111100100000000000000
00001010110011000000000000000100
00111001010101101000000000000000
00011001010011000000000000000100
01000100001000000000000000000010
10000000000000000000000000001011
00100101000000000000000000000000
00100101100000000000000000011110
01110101001011000000000000111101
10011001000100000000000001111000
00111001100001100100000000000000
01011010000110000000000000000010
00111010110011101000000000000000
10011011000110000000000001111000
00111001100010101100000000000000
01011010001010000000000000000010
00111011010011101000000000000000
00001011110101000000000000000100
00001001110110000000000001111000
01101010110111100110000000000000
00111100000011100100000000000000
00111001111000101000000000000000
00001001010011000000000000000000
00111010010010101010000000000000
00011010010011000000000000000000
00001001010110000000000001111100
01101010010111100100000000000000
00001010110011000000000000000100
00111001010101101000000000000000
00011001010011000000000000000100
01000101001010000000000000000010
10000000000000000000000000100101
01000011000110000000000000000010
10000000000000000000000000001000
00100110000000000000000000000000
00100110100000000000000000011110
01110110001101000000000001111000
00100111000000000000000000000000
00100111100000000000000000011110
01110111001111000000000001011100
10011001000100000000000001111000
00111001100001100100000000000000
01011010001100000000000000000010
00111010110011101000000000000000
10011011001100000000000001111000
00111001100010101100000000000000
01011010001110000000000000000010
00111011010011101000000000000000
00001011110101000000000001111000
00001001110110000000000000000000
01101010110111100110000000000000
00111100000011100100000000000000
00111001111000101000000000000000
00001001010011000000000001111000
00111010010010101010000000000000
00011010010011000000000001111000
00001001010110000000000000000100
01101010010111100100000000000000
00001010110011000000000001111100
00111001010101101000000000000000
00011001010011000000000001111100
01000111001110000000000000000010
10000000000000000000000001000100
00101000000000000000000000000000
00101000100000000000000000011110
01111000010001000000000001110110
10011001000100000000000001111000
00111001100001100100000000000000
01011010001100000000000000000010
00111010110011101000000000000000
10011011001100000000000001111000
00111001100010101100000000000000
01011010010000000000000000000010
00111011010011101000000000000000
00001011110101000000000001111100
00001001110110000000000001111000
01101010110111100110000000000000
00111100000011100100000000000000
00111001111000101000000000000000
00001001010011000000000001111000
00111010010010101010000000000000
00011010010011000000000001111000
00001001010110000000000001111100
01101010010111100100000000000000
00001010110011000000000001111100
00111001010101101000000000000000
00011001010011000000000001111100
01001000010000000000000000000010
10000000000000000000000001011110
01000110001100000000000000000010
10000000000000000000000001000001
01000010000100000000000000000010
10000000000000000000000000000101
11100000000000000000000000000000
11100000000000000000000000000000
11100000000000000000000000000000
11100000000000000000000000000000
11100000000000000000000000000000
11111111111111111111111111111111
