00100001100000000000000000000000
00100100000000000000000011001100
00100100100000000000000011100100
00100101000000000000000000000000
00100101100000000000000000000001
01110101001011000000001011010000
00100101100000000000000000000000
00100110000000000000000000000000
00100110100000000000000000000001
01110110001101000000000010001000
10010110101010000000000000001100
00110111000011011010000000000000
01010111101011000000000000000010
00110110101110011110000000000000
01011000001011000000000000000011
00110111001000100000000000000000
01010111101100000000000000000010
00111000001110011110000000000000
00001000101101000000000000001000
00000111010000000000000000010000
01100110110001011100000000000000
01011001001010000000000000000011
00110111001001100100000000000000
00111001101110011110000000000000
00001001010011000000000000000000
00110111010010011010000000000000
00010111010011000000000000000000
00000110110000000000000000010100
01100111010001011010000000000000
00000111110011000000000000000100
00110110101111011100000000000000
00010110110011000000000000000100
01000110001100000000000000000010
10000000000000000000000000100000
00100110000000000000000000000001
01110101101100000000000101110000
00100110000000000000000000000000
00100110100000000000000000000001
01110110001101000000000011111100
10010110101010000000000000001100
00110111000011011010000000000000
01010111101011000000000000000010
00110110101110011110000000000000
01011000001011000000000000000011
00110111001000100000000000000000
01010111101100000000000000000010
00111000001110011110000000000000
00001000101101000000000000000000
00000111010000000000000000000000
01100110110001011100000000000000
01011001001010000000000000000011
00110111001001100100000000000000
00111001101110011110000000000000
00001001010011000000000000000000
00110111010010011010000000000000
00010111010011000000000000000000
00000110110000000000000000000100
01100111010001011010000000000000
00000111110011000000000000000100
00110110101111011100000000000000
00010110110011000000000000000100
01000110001100000000000000000010
10000000000000000000000010010100
00100110000000000000000000000000
00100110100000000000000000000001
01110110001101000000000101101000
10010110101010000000000000001100
00110111000011011010000000000000
01010111101011000000000000000010
00110110101110011110000000000000
01011000001011000000000000000011
00110111001000100000000000000000
01010111101100000000000000000010
00111000001110011110000000000000
00001000101101000000000000000100
00000111010000000000000000001000
01100110110001011100000000000000
01011001001010000000000000000011
00110111001001100100000000000000
00111001101110011110000000000000
00001001010011000000000000000000
00110111010010011010000000000000
00010111010011000000000000000000
00000110110000000000000000001100
01100111010001011010000000000000
00000111110011000000000000000100
00110110101111011100000000000000
00010110110011000000000000000100
01000110001100000000000000000010
10000000000000000000000100000000
01000101101011000000000000000010
10000000000000000000000010001000
00100101100000000000000000000000
00100110000000000000000000000000
00100110100000000000000000000001
01110110001101000000000111100000
10010110101010000000000000001100
00110111000011011010000000000000
01010111101011000000000000000010
00110110101110011110000000000000
01011000001011000000000000000011
00110111001000100000000000000000
01010111101100000000000000000010
00111000001110011110000000000000
00001000101101000000000000010100
00000111010000000000000000010000
01100110110001011100000000000000
01011001001010000000000000000011
00110111001001100100000000000000
00111001101110011110000000000000
00001001010011000000000000001000
00110111010010011010000000000000
00010111010011000000000000001000
00000110110000000000000000010100
01100111010001011010000000000000
00000111110011000000000000001100
00110110101111011100000000000000
00010110110011000000000000001100
01000110001100000000000000000010
10000000000000000000000101111000
00100110000000000000000000000001
01110101101100000000001011001000
00100110000000000000000000000000
00100110100000000000000000000001
01110110001101000000001001010100
10010110101010000000000000001100
00110111000011011010000000000000
01010111101011000000000000000010
00110110101110011110000000000000
01011000001011000000000000000011
00110111001000100000000000000000
01010111101100000000000000000010
00111000001110011110000000000000
00001000101101000000000000001100
00000111010000000000000000000000
01100110110001011100000000000000
01011001001010000000000000000011
00110111001001100100000000000000
00111001101110011110000000000000
00001001010011000000000000001000
00110111010010011010000000000000
00010111010011000000000000001000
00000110110000000000000000000100
01100111010001011010000000000000
00000111110011000000000000001100
00110110101111011100000000000000
00010110110011000000000000001100
01000110001100000000000000000010
10000000000000000000000111101100
00100110000000000000000000000000
00100110100000000000000000000001
01110110001101000000001011000000
10010110101010000000000000001100
00110111000011011010000000000000
01010111101011000000000000000010
00110110101110011110000000000000
01011000001011000000000000000011
00110111001000100000000000000000
01010111101100000000000000000010
00111000001110011110000000000000
00001000101101000000000000010000
00000111010000000000000000001000
01100110110001011100000000000000
01011001001010000000000000000011
00110111001001100100000000000000
00111001101110011110000000000000
00001001010011000000000000001000
00110111010010011010000000000000
00010111010011000000000000001000
00000110110000000000000000001100
01100111010001011010000000000000
00000111110011000000000000001100
00110110101111011100000000000000
00010110110011000000000000001100
01000110001100000000000000000010
10000000000000000000001001011000
01000101101011000000000000000010
10000000000000000000000111100000
01000101001010000000000000000010
10000000000000000000000000010000
11111111111111111111111111111111