00100000100000000000000000000000
00100001000000000000000011001100
00100001100000000000000011100100
00100010000000000000000000000000
00100010100000000000000000000010
01110010000101000000000000100011
00100011000000000000000000000000
00100011100000000000000000000011
01110011000111000000000000100001
00100100000000000000000000000000
00100100100000000000000000000010
01110100001001000000000000011111
10010101000100000000000000001100
00110101100001010100000000000000
01010110000110000000000000000010
00110101001011011000000000000000
01010110100110000000000000000011
00110101100010011010000000000000
01010110001000000000000000000010
00110110101011011000000000000000
00000111001010000000000000000000
00000101101101000000000000000000
01100101001110010110000000000000
01010110100100000000000000000011
00110101100011011010000000000000
00110111001011011000000000000000
00000110101110000000000000000000
00110101101101010100000000000000
00010101101110000000000000000000
01000100001000000000000000000001
10000000000000000000000000001011
01000011000110000000000000000001
10000000000000000000000000001000
01000010000100000000000000000001
10000000000000000000000000000101
11100000000000000000000000000000
11100000000000000000000000000000
11100000000000000000000000000000
11100000000000000000000000000000
11100000000000000000000000000000
11111111111111111111111111111111
